182
256
68
719
280
779
234
485
263
631
602
545
90
180
533
704
309
974
644
879
204
285
434
549
851
250
582
526
470
710
14
721
945
35
316
150
154
170
489
330
418
513
508
938
574
624
873
935
13
112
429
386
17
780
165
839
497
605
87
606
449
526
811
406
193
515
910
812
953
175
981
992
711
562
400
822
493
656
133
284
94
892
28
23
314
521
341
841
777
523
481
316
868
990
852
527
852
230
831
668
176
42
449
491
739
914
780
63
282
894
593
296
355
943
870
816
878
1
890
607
944
140
711
314
182
347
670
881
706
605
512
211
901
820
120
142
472
629
349
931
588
725
428
297
31
876
296
203
34
754
731
706
245
443
888
1000
436
682
185
882
451
751
164
124
787
89
454
303
803
525
4
550
996
296
293
428
175
812
399
225
795
221
231
934
621
491
259
598
906
99
726
550
226
693
517
945
343
476
859
996
902
210
990
554
512
804
310
478
482
671
762
881
957
736
722
275
576
414
958
925
865
970
516
130
510
353
655
595
31
408
860
63
972
238
141
262
290
152
576
137
540
565
742
227
830
595
395
583
225
73
306
473
101
772
138
309
865
353
830
239
739
121
685
649
406
365
603
536
732
341
95
446
927
997
800
375
771
857
929
697
662
166
720
165
986
664
99
527
402
493
50
135
686
349
38
664
371
726
551
997
809
342
328
557
988
333
30
167
210
903
898
286
775
199
557
463
194
406
150
982
295
772
322
136
280
857
188
441
203
414
59
872
319
297
327
35
316
92
967
219
315
522
88
652
832
989
261
774
514
947
606
297
745
501
307
168
542
793
202
205
499
832
86
513
209
973
697
384
338
365
955
328
101
407
724
730
575
664
81
994
652
109
780
729
138
297
630
67
120
795
277
468
173
774
127
695
207
503
717
129
